? VERSION=1.0
? UNITLENGTH= 0.032000
AW 2.615110 1 0
QF 0.000000 1 0
AD 0.000000 1 0
AW 2.611537 1 0
QF 0.000000 1 0
AD 0.000000 1 0
AW 2.608103 1 0
QF 0.000000 1 0
AD 0.000000 1 0
AW 2.604568 1 0
QF 0.000000 1 0
AD 0.000000 1 0
AW 2.601070 1 0
QF 0.000000 1 0
AD 0.000000 1 0
AW 2.597404 1 0
QF 0.000000 1 0
AD 0.000000 1 0
AW 2.593579 1 0
QF 0.000000 1 0
AD 0.000000 1 0
AW 2.589751 1 0
QF 0.000000 1 0
AD 0.000000 1 0
AW 2.585977 1 0
QF 0.000000 1 0
AD 0.000000 1 0
AW 2.582225 1 0
QF 0.000000 1 0
AD 0.000000 1 0
AW 2.577533 1 0
QF 0.000000 1 0
AD 0.000000 1 0
AW 2.572754 1 0
QF 0.000000 1 0
AD 0.000000 1 0
AW 2.567839 1 0
QF 0.000000 1 0
AD 0.000000 1 0
AW 2.562930 1 0
QF 0.000000 1 0
AD 0.000000 1 0
AW 2.558029 1 0
QF 0.000000 1 0
AD 0.000000 1 0
AW 2.552992 1 0
QF 0.000000 1 0
AD 0.000000 1 0
AW 2.547771 1 0
QF 0.000000 1 0
AD 0.000000 1 0
AW 2.542392 1 0
QF 0.000000 1 0
AD 0.000000 1 0
AW 2.537578 1 0
QF 0.000000 1 0
AD 0.000000 1 0
AW 2.532693 1 0
QF 0.000000 1 0
AD 0.000000 1 0
AW 2.527672 1 0
QF 0.000000 1 0
AD 0.000000 1 0
AW 2.522555 1 0
QF 0.000000 1 0
AD 0.000000 1 0
AW 2.517388 1 0
QF 0.000000 1 0
AD 0.000000 1 0
AW 2.512819 1 0
QF 0.000000 1 0
AD 0.000000 1 0
AW 2.508251 1 0
QF 0.000000 1 0
AD 0.000000 1 0
AW 2.503683 1 0
QF 0.000000 1 0
AD 0.000000 1 0
AW 2.499126 1 0
QF 0.000000 1 0
AD 0.000000 1 0
AW 2.494688 1 0
QF 0.000000 1 0
AD 0.000000 1 0
AW 2.490185 1 0
QF 0.000000 1 0
AD 0.000000 1 0
AW 0.000000 1 0
QF 0.000000 1 0
AD 0.000000 1 0
AW 0.000000 1 0
QF 0.000000 1 0
AD 0.000000 1 0
AW 0.000000 1 0
QF 283.400000 1 0
AD 0.000000 1 0
AW 0.000000 1 0
QF 0.000000 1 0
AD 0.000000 1 0
AW 0.000000 1 0
QF -283.400000 1 0
AD 0.000000 1 0
AW 0.000000 1 0
QF 0.000000 1 0
AD 0.000000 1 0
AW 0.000000 1 0
QF 0.000000 1 0
AD 0.000000 1 0
