? VERSION=1.0
? UNITLENGTH= 0.032000
AW 2.742893 1 0
QF 0.000000 1 0
AD 0.000000 1 0
AW 2.739574 1 0
QF 0.000000 1 0
AD 0.000000 1 0
AW 2.736418 1 0
QF 0.000000 1 0
AD 0.000000 1 0
AW 2.733424 1 0
QF 0.000000 1 0
AD 0.000000 1 0
AW 2.730281 1 0
QF 0.000000 1 0
AD 0.000000 1 0
AW 2.726979 1 0
QF 0.000000 1 0
AD 0.000000 1 0
AW 2.723722 1 0
QF 0.000000 1 0
AD 0.000000 1 0
AW 2.720425 1 0
QF 0.000000 1 0
AD 0.000000 1 0
AW 2.717075 1 0
QF 0.000000 1 0
AD 0.000000 1 0
AW 2.713648 1 0
QF 0.000000 1 0
AD 0.000000 1 0
AW 2.710078 1 0
QF 0.000000 1 0
AD 0.000000 1 0
AW 2.706351 1 0
QF 0.000000 1 0
AD 0.000000 1 0
AW 2.701162 1 0
QF 0.000000 1 0
AD 0.000000 1 0
AW 2.695808 1 0
QF 0.000000 1 0
AD 0.000000 1 0
AW 2.690320 1 0
QF 0.000000 1 0
AD 0.000000 1 0
AW 2.684748 1 0
QF 0.000000 1 0
AD 0.000000 1 0
AW 2.679168 1 0
QF 0.000000 1 0
AD 0.000000 1 0
AW 2.673607 1 0
QF 0.000000 1 0
AD 0.000000 1 0
AW 2.668626 1 0
QF 0.000000 1 0
AD 0.000000 1 0
AW 2.663631 1 0
QF 0.000000 1 0
AD 0.000000 1 0
AW 2.658609 1 0
QF 0.000000 1 0
AD 0.000000 1 0
AW 2.653536 1 0
QF 0.000000 1 0
AD 0.000000 1 0
AW 2.648362 1 0
QF 0.000000 1 0
AD 0.000000 1 0
AW 2.643107 1 0
QF 0.000000 1 0
AD 0.000000 1 0
AW 2.637807 1 0
QF 0.000000 1 0
AD 0.000000 1 0
AW 2.633320 1 0
QF 0.000000 1 0
AD 0.000000 1 0
AW 2.628735 1 0
QF 0.000000 1 0
AD 0.000000 1 0
AW 2.624117 1 0
QF 0.000000 1 0
AD 0.000000 1 0
AW 2.619502 1 0
QF 0.000000 1 0
AD 0.000000 1 0
AW 0.000000 1 0
QF 0.000000 1 0
AD 0.000000 1 0
AW 0.000000 1 0
QF 0.000000 1 0
AD 0.000000 1 0
AW 0.000000 1 0
QF 283.400000 1 0
AD 0.000000 1 0
AW 0.000000 1 0
QF 0.000000 1 0
AD 0.000000 1 0
AW 0.000000 1 0
QF -283.400000 1 0
AD 0.000000 1 0
AW 0.000000 1 0
QF 0.000000 1 0
AD 0.000000 1 0
AW 0.000000 1 0
QF 0.000000 1 0
AD 0.000000 1 0
