? VERSION=1.0
? UNITLENGTH= 0.032000
AW 2.486055 1 0
QF 0.000000 1 0
AD 0.000000 1 0
AW 2.482629 1 0
QF 0.000000 1 0
AD 0.000000 1 0
AW 2.479357 1 0
QF 0.000000 1 0
AD 0.000000 1 0
AW 2.475757 1 0
QF 0.000000 1 0
AD 0.000000 1 0
AW 2.472322 1 0
QF 0.000000 1 0
AD 0.000000 1 0
AW 2.469190 1 0
QF 0.000000 1 0
AD 0.000000 1 0
AW 2.465854 1 0
QF 0.000000 1 0
AD 0.000000 1 0
AW 2.462180 1 0
QF 0.000000 1 0
AD 0.000000 1 0
AW 2.458664 1 0
QF 0.000000 1 0
AD 0.000000 1 0
AW 2.455270 1 0
QF 0.000000 1 0
AD 0.000000 1 0
AW 2.451145 1 0
QF 0.000000 1 0
AD 0.000000 1 0
AW 2.446818 1 0
QF 0.000000 1 0
AD 0.000000 1 0
AW 2.442294 1 0
QF 0.000000 1 0
AD 0.000000 1 0
AW 2.437694 1 0
QF 0.000000 1 0
AD 0.000000 1 0
AW 2.432975 1 0
QF 0.000000 1 0
AD 0.000000 1 0
AW 2.428011 1 0
QF 0.000000 1 0
AD 0.000000 1 0
AW 2.423227 1 0
QF 0.000000 1 0
AD 0.000000 1 0
AW 2.418522 1 0
QF 0.000000 1 0
AD 0.000000 1 0
AW 2.413747 1 0
QF 0.000000 1 0
AD 0.000000 1 0
AW 2.408835 1 0
QF 0.000000 1 0
AD 0.000000 1 0
AW 2.404288 1 0
QF 0.000000 1 0
AD 0.000000 1 0
AW 2.399728 1 0
QF 0.000000 1 0
AD 0.000000 1 0
AW 2.395092 1 0
QF 0.000000 1 0
AD 0.000000 1 0
AW 2.390446 1 0
QF 0.000000 1 0
AD 0.000000 1 0
AW 2.385817 1 0
QF 0.000000 1 0
AD 0.000000 1 0
AW 2.381375 1 0
QF 0.000000 1 0
AD 0.000000 1 0
AW 2.376938 1 0
QF 0.000000 1 0
AD 0.000000 1 0
AW 2.372749 1 0
QF 0.000000 1 0
AD 0.000000 1 0
AW 2.368542 1 0
QF 0.000000 1 0
AD 0.000000 1 0
AW 0.000000 1 0
QF 0.000000 1 0
AD 0.000000 1 0
AW 0.000000 1 0
QF 0.000000 1 0
AD 0.000000 1 0
AW 0.000000 1 0
QF 283.400000 1 0
AD 0.000000 1 0
AW 0.000000 1 0
QF 0.000000 1 0
AD 0.000000 1 0
AW 0.000000 1 0
QF -283.400000 1 0
AD 0.000000 1 0
AW 0.000000 1 0
QF 0.000000 1 0
AD 0.000000 1 0
AW 0.000000 1 0
QF 0.000000 1 0
AD 0.000000 1 0
