? VERSION=1.0
? UNITLENGTH= 0.032000
AW 2.2285 1 0
QF 0.000000 1 0
AD 0.000000 1 0
AW 2.2267 1 0
QF 0.000000 1 0
AD 0.000000 1 0
AW 2.2249 1 0
QF 0.000000 1 0
AD 0.000000 1 0
AW 2.2231 1 0
QF 0.000000 1 0
AD 0.000000 1 0
AW 2.2213 1 0
QF 0.000000 1 0
AD 0.000000 1 0
AW 2.2195 1 0
QF 0.000000 1 0
AD 0.000000 1 0
AW 2.2176 1 0
QF 0.000000 1 0
AD 0.000000 1 0
AW 2.2158 1 0
QF 0.000000 1 0
AD 0.000000 1 0
AW 2.2139 1 0
QF 0.000000 1 0
AD 0.000000 1 0
AW 2.2121 1 0
QF 0.000000 1 0
AD 0.000000 1 0
AW 2.2102 1 0
QF 0.000000 1 0
AD 0.000000 1 0
AW 2.2083 1 0
QF 0.000000 1 0
AD 0.000000 1 0
AW 2.2064 1 0
QF 0.000000 1 0
AD 0.000000 1 0
AW 2.2046 1 0
QF 0.000000 1 0
AD 0.000000 1 0
AW 2.2026 1 0
QF 0.000000 1 0
AD 0.000000 1 0
AW 2.2007 1 0
QF 0.000000 1 0
AD 0.000000 1 0
AW 2.1988 1 0
QF 0.000000 1 0
AD 0.000000 1 0
AW 2.1969 1 0
QF 0.000000 1 0
AD 0.000000 1 0
AW 2.1949 1 0
QF 0.000000 1 0
AD 0.000000 1 0
AW 2.1930 1 0
QF 0.000000 1 0
AD 0.000000 1 0
AW 2.1910 1 0
QF 0.000000 1 0
AD 0.000000 1 0
AW 2.1890 1 0
QF 0.000000 1 0
AD 0.000000 1 0
AW 2.1871 1 0
QF 0.000000 1 0
AD 0.000000 1 0
AW 2.1851 1 0
QF 0.000000 1 0
AD 0.000000 1 0
AW 2.1831 1 0
QF 0.000000 1 0
AD 0.000000 1 0
AW 2.1811 1 0
QF 0.000000 1 0
AD 0.000000 1 0
AW 2.1791 1 0
QF 0.000000 1 0
AD 0.000000 1 0
AW 2.1770 1 0
QF 0.000000 1 0
AD 0.000000 1 0
AW 2.1750 1 0
QF 0.000000 1 0
AD 0.000000 1 0
AW 0.000000 1 0
QF 0.000000 1 0
AD 0.000000 1 0
AW 0.000000 1 0
QF 0.000000 1 0
AD 0.000000 1 0
AW 0.000000 1 0
QF 283.400000 1 0
AD 0.000000 1 0
AW 0.000000 1 0
QF 0.000000 1 0
AD 0.000000 1 0
AW 0.000000 1 0
QF -283.400000 1 0
AD 0.000000 1 0
AW 0.000000 1 0
QF 0.000000 1 0
AD 0.000000 1 0
AW 0.000000 1 0
QF 0.000000 1 0
AD 0.000000 1 0
