? VERSION=1.0
? UNITLENGTH= 0.032000
AW 2.820157 1 0
QF 0.000000 1 0
AD 0.000000 1 0
AW 2.820157 1 0
QF 0.000000 1 0
AD 0.000000 1 0
AW 2.820157 1 0
QF 0.000000 1 0
AD 0.000000 1 0
AW 2.820157 1 0
QF 0.000000 1 0
AD 0.000000 1 0
AW 2.820157 1 0
QF 0.000000 1 0
AD 0.000000 1 0
AW 2.820157 1 0
QF 0.000000 1 0
AD 0.000000 1 0
AW 2.820157 1 0
QF 0.000000 1 0
AD 0.000000 1 0
AW 2.820157 1 0
QF 0.000000 1 0
AD 0.000000 1 0
AW 2.820157 1 0
QF 0.000000 1 0
AD 0.000000 1 0
AW 0.000000 1 0
QF 0.000000 1 0
AD 0.000000 1 0
AW 0.000000 1 0
QF 0.000000 1 0
AD 0.000000 1 0
AW 0.000000 1 0
QF 0.000000 1 0
AD 0.000000 1 0
AW 0.000000 1 0
QF 0.000000 1 0
AD 0.000000 1 0
AW 0.000000 1 0
QF 0.000000 1 0
AD 0.000000 1 0
AW 0.000000 1 0
QF 0.000000 1 0
AD 0.000000 1 0
AW 0.000000 1 0
QF 0.000000 1 0
AD 0.000000 1 0
AW 0.000000 1 0
QF 0.000000 1 0
AD 0.000000 1 0
AW 0.000000 1 0
QF 0.000000 1 0
AD 0.000000 1 0
AW 0.000000 1 0
QF 0.000000 1 0
AD 0.000000 1 0
AW 0.000000 1 0
QF 0.000000 1 0
AD 0.000000 1 0
AW 0.000000 1 0
QF 0.000000 1 0
AD 0.000000 1 0
AW 0.000000 1 0
QF 0.000000 1 0
AD 0.000000 1 0
AW 0.000000 1 0
QF 0.000000 1 0
AD 0.000000 1 0
AW 0.000000 1 0
QF 0.000000 1 0
AD 0.000000 1 0
AW 0.000000 1 0
QF 0.000000 1 0
AD 0.000000 1 0
AW 0.000000 1 0
QF 0.000000 1 0
AD 0.000000 1 0
AW 0.000000 1 0
QF 0.000000 1 0
AD 0.000000 1 0
AW 0.000000 1 0
QF 0.000000 1 0
AD 0.000000 1 0
AW 0.000000 1 0
QF 0.000000 1 0
AD 0.000000 1 0
AW 0.000000 1 0
QF 0.000000 1 0
AD 0.000000 1 0
AW 0.000000 1 0
QF 0.000000 1 0
AD 0.000000 1 0
AW 0.000000 1 0
QF 0.000000 1 0
AD 0.000000 1 0
AW 0.000000 1 0
QF 0.000000 1 0
AD 0.000000 1 0
AW 0.000000 1 0
QF 0.000000 1 0
AD 0.000000 1 0
AW 0.000000 1 0
QF 0.000000 1 0
AD 0.000000 1 0
AW 0.000000 1 0
QF 48.360000 1 0
AD 0.000000 1 0
AW 0.000000 1 0
QF 48.360000 1 0
AD 0.000000 1 0
AW 0.000000 1 0
QF 0.000000 1 0
AD 0.000000 1 0
AW 0.000000 1 0
QF 0.000000 1 0
AD 0.000000 1 0
AW 0.000000 1 0
QF 0.000000 1 0
AD 0.000000 1 0
AW 0.000000 1 0
QF 0.000000 1 0
AD 0.000000 1 0
AW 0.000000 1 0
QF -48.360000 1 0
AD 0.000000 1 0
AW 0.000000 1 0
QF -48.360000 1 0
AD 0.000000 1 0
AW 0.000000 1 0
QF 0.000000 1 0
AD 0.000000 1 0
AW 0.000000 1 0
QF 0.000000 1 0
AD 0.000000 1 0
AW 0.000000 1 0
QF 0.000000 1 0
AD 0.000000 1 0
AW 0.000000 1 0
QF 0.000000 1 0
AD 0.000000 1 0
AW 0.000000 1 0
QF 0.000000 1 0
AD 0.000000 1 0
AW 0.000000 1 0
QF 0.000000 1 0
AD 0.000000 1 0
AW 0.000000 1 0
QF 0.000000 1 0
AD 0.000000 1 0
AW 0.000000 1 0
QF 0.000000 1 0
AD 0.000000 1 0
AW 0.000000 1 0
QF 0.000000 1 0
AD 0.000000 1 0
AW 0.000000 1 0
QF 0.000000 1 0
AD 0.000000 1 0
