? VERSION=1.0
? UNITLENGTH= 0.032000
AW 2.820157 1 0
QF 0.000000 1 0
AD 0.000000 1 0
AW 2.819123 1 0
QF 0.000000 1 0
AD 0.000000 1 0
AW 2.818173 1 0
QF 0.000000 1 0
AD 0.000000 1 0
AW 2.817142 1 0
QF 0.000000 1 0
AD 0.000000 1 0
AW 2.816083 1 0
QF 0.000000 1 0
AD 0.000000 1 0
AW 2.814874 1 0
QF 0.000000 1 0
AD 0.000000 1 0
AW 2.813552 1 0
QF 0.000000 1 0
AD 0.000000 1 0
AW 2.812147 1 0
QF 0.000000 1 0
AD 0.000000 1 0
AW 2.810694 1 0
QF 0.000000 1 0
AD 0.000000 1 0
AW 2.808950 1 0
QF 0.000000 1 0
AD 0.000000 1 0
AW 2.806568 1 0
QF 0.000000 1 0
AD 0.000000 1 0
AW 2.804039 1 0
QF 0.000000 1 0
AD 0.000000 1 0
AW 2.801355 1 0
QF 0.000000 1 0
AD 0.000000 1 0
AW 2.798580 1 0
QF 0.000000 1 0
AD 0.000000 1 0
AW 2.795620 1 0
QF 0.000000 1 0
AD 0.000000 1 0
AW 2.792465 1 0
QF 0.000000 1 0
AD 0.000000 1 0
AW 2.789126 1 0
QF 0.000000 1 0
AD 0.000000 1 0
AW 2.785637 1 0
QF 0.000000 1 0
AD 0.000000 1 0
AW 2.781943 1 0
QF 0.000000 1 0
AD 0.000000 1 0
AW 2.779069 1 0
QF 0.000000 1 0
AD 0.000000 1 0
AW 2.776000 1 0
QF 0.000000 1 0
AD 0.000000 1 0
AW 2.772719 1 0
QF 0.000000 1 0
AD 0.000000 1 0
AW 2.769225 1 0
QF 0.000000 1 0
AD 0.000000 1 0
AW 2.765530 1 0
QF 0.000000 1 0
AD 0.000000 1 0
AW 2.761687 1 0
QF 0.000000 1 0
AD 0.000000 1 0
AW 2.757731 1 0
QF 0.000000 1 0
AD 0.000000 1 0
AW 2.753661 1 0
QF 0.000000 1 0
AD 0.000000 1 0
AW 2.749476 1 0
QF 0.000000 1 0
AD 0.000000 1 0
AW 2.746231 1 0
QF 0.000000 1 0
AD 0.000000 1 0
AW 0.000000 1 0
QF 0.000000 1 0
AD 0.000000 1 0
AW 0.000000 1 0
QF 0.000000 1 0
AD 0.000000 1 0
AW 0.000000 1 0
QF 283.400000 1 0
AD 0.000000 1 0
AW 0.000000 1 0
QF 0.000000 1 0
AD 0.000000 1 0
AW 0.000000 1 0
QF -283.400000 1 0
AD 0.000000 1 0
AW 0.000000 1 0
QF 0.000000 1 0
AD 0.000000 1 0
AW 0.000000 1 0
QF 0.000000 1 0
AD 0.000000 1 0
